function [ obst, l, s, t ] = paperobst(  )

% s = [.94 .94];
s = [0.57, 0.01];
t = [.05 .05];
l = 0.005;

obst = [0.45 0.00 0.05 1
        0.45 0.03 0.05 1
        0.45 0.06 0.05 1
        0.45 0.09 0.05 1
        
        0.85 1.00 0.05 1
        0.85 0.95 0.05 1
        0.85 0.90 0.05 1
        0.85 0.85 0.05 1];

end

