function [ obst, l, s, t ] = random_obst2(  )

l = 0.02;
s = [.9 .5 .95 .5 .9 .45];
t = [.05 .65 .1 .65 .05 .70];

obst = [
    0.9926    0.6825    0.0713    1.0000
    0.4558    0.3581    0.0378    1.0000
    0.4260    0.9869    0.0249    1.0000
    0.2132    0.0840    0.0253    1.0000
    0.1932    0.2503    0.0767    1.0000
    0.8328    0.8113    0.0050    1.0000
    0.7266    0.0844    0.0685    1.0000
    0.5297    0.5313    0.0620    1.0000
    0.8291    0.8006    0.0747    1.0000
    0.5119    0.7388    0.0977    1.0000
    0.5520    0.1417    0.0384    1.0000
    0.2133    0.4379    0.0260    1.0000
    0.5878    0.3504    0.0877    1.0000
    0.1428    0.4785    0.0806    1.0000
    0.0522    0.5874    0.0461    1.0000
    0.6833    0.1458    0.0091    1.0000
    0.6086    0.9053    0.0564    1.0000
    0.2197    0.6402    0.0187    1.0000
    0.4063    0.1629    0.0532    1.0000
    0.6299    0.5659    0.0355    1.0000
    0.5553    0.9316    0.0315    1.0000
    0.1276    0.7831    0.0727    1.0000
    0.1692    0.6857    0.0516    1.0000
    0.0010    0.4662    0.0791    1.0000
    0.4182    0.2603    0.0204    1.0000
    0.4885    0.5693    0.0678    1.0000
    0.1599    0.2488    0.0052    1.0000
    0.6668    0.3193    0.0801    1.0000
    0.0179    0.9108    0.0679    1.0000
    0.1197    0.8852    0.0946    1.0000
    0.9521    0.7946    0.0092    1.0000
    0.9759    0.9258    0.0908    1.0000
    0.0309    0.1788    0.0510    1.0000
    0.4939    0.5175    0.0615    1.0000
    0.8627    0.6270    0.0316    1.0000
    0.2429    0.9132    0.0077    1.0000
    0.8343    0.6640    0.0851    1.0000
    0.8136    0.3892    0.0145    1.0000
    0.6290    0.7400    0.0370    1.0000
    0.0022    0.8176    0.0622    1.0000
    0.3797    0.6003    0.0998    1.0000
    0.9044    0.0850    0.0517    1.0000
    0.6804    0.9224    0.0991    1.0000
    0.3788    0.0536    0.0227    1.0000
    0.6320    0.5270    0.0398    1.0000
    0.2433    0.1189    0.0697    1.0000
    0.5714    0.3801    0.0065    1.0000
    0.9817    0.8128    0.0748    1.0000
    0.8497    0.2441    0.0420    1.0000
    0.2834    0.8844    0.0811    1.0000
    ];

end

