function [ obst, l, s, t ] = ob( )

% t = [.05 .05];
t = [.05 .05 ];
% s = [.3 .05];
s = [.9 .9];

l = 0.05;

r = .04;
obst = [.25 .00 r 1
        .25 .02 r 1
        .25 .04 r 1
        .25 .06 r 1
        .25 .08 r 1
        .25 .10 r 1
        .25 .12 r 1
        .25 .14 r 1
        .25 .16 r 1
        .25 .18 r 1
        .25 .20 r 1
        .25 .22 r 1
        .25 .24 r 1
        .25 .26 r 1
        .25 .28 r 1
        .25 .30 r 1
        .25 .32 r 1
        .25 .34 r 1
        .25 .36 r 1
        .25 .38 r 1
        .25 .40 r 1
        .25 .42 r 1
        .25 .43 r 1];
        
%         .50 .00 r 1
%         .50 .02 r 1
%         .50 .04 r 1
%         .50 .06 r 1
%         .50 .08 r 1
%         .50 .10 r 1
%         .50 .12 r 1
%         .50 .14 r 1
%         .50 .16 r 1
%         .50 .18 r 1
%         .50 .20 r 1
%         .50 .22 r 1
%         .50 .24 r 1
%         .50 .26 r 1
%         .50 .28 r 1
%         .50 .30 r 1
%         .50 .32 r 1
%         .50 .34 r 1
%         .50 .36 r 1
%         .50 .38 r 1
%         .50 .40 r 1
%         .50 .42 r 1
%         .50 .44 r 1
%         .50 .46 r 1
%         .50 .48 r 1
%         .50 .50 r 1
%         .50 .52 r 1
%         .50 .54 r 1
%         .50 .56 r 1];

end

