function [ obst, l, s, t ] = random_obst1( )

l = 0.03;
s = [.9 .9];
t = [0.1 0.1];

obst = [
    0.9160    0.5822    0.0736    1.0000
    0.0012    0.5407    0.0395    1.0000
    0.4624    0.8699    0.0683    1.0000
    0.4243    0.2648    0.0704    1.0000
    0.4609    0.3181    0.0442    1.0000
    0.7702    0.1192    0.0020    1.0000
    0.3225    0.9398    0.0331    1.0000
    0.7847    0.6456    0.0424    1.0000
    0.4714    0.4795    0.0270    1.0000
    0.0358    0.6393    0.0197    1.0000
    0.1759    0.5447    0.0822    1.0000
    0.7218    0.6473    0.0430    1.0000
    0.4735    0.5439    0.0888    1.0000
    0.1527    0.7210    0.0391    1.0000
    0.3411    0.5225    0.0769    1.0000
    0.6074    0.9937    0.0397    1.0000
    0.1917    0.2187    0.0809    1.0000
    0.7384    0.1058    0.0755    1.0000
    0.2428    0.1097    0.0377    1.0000
    0.9174    0.0636    0.0216    1.0000
    0.2691    0.4046    0.0790    1.0000
    0.7655    0.4484    0.0949    1.0000
    0.1887    0.3658    0.0328    1.0000
    0.2875    0.7635    0.0671    1.0000
    0.0911    0.6279    0.0439    1.0000
    0.5762    0.7720    0.0834    1.0000
    0.6834    0.9329    0.0769    1.0000
    0.5466    0.9727    0.0167    1.0000
    0.4257    0.1920    0.0862    1.0000
    0.6444    0.1389    0.0990    1.0000
    0.6476    0.6963    0.0514    1.0000
    0.6790    0.0938    0.0884    1.0000
    0.6358    0.5254    0.0388    1.0000
    0.9452    0.5303    0.0155    1.0000
    0.2089    0.8611    0.0200    1.0000
    0.7093    0.4849    0.0407    1.0000
    0.2362    0.3935    0.0749    1.0000
    0.1194    0.6714    0.0826    1.0000
    0.6073    0.7413    0.0790    1.0000
    0.4501    0.5201    0.0319    1.0000
    0.4587    0.3477    0.0534    1.0000
    0.6619    0.1500    0.0090    1.0000
    0.7703    0.5861    0.0112    1.0000
    0.3502    0.2621    0.0136    1.0000
    0.6620    0.0445    0.0679    1.0000
    0.4162    0.7549    0.0495    1.0000
    0.8419    0.2428    0.0190    1.0000
    0.8329    0.4424    0.0495    1.0000
    0.2564    0.6878    0.0148    1.0000
    0.6135    0.3592    0.0055    1.0000
    ];

end

