function [ obst, l, s, t ] = obstacle20( )

l = 0.05;

s = [.15 .1 .25 .1  .35 .1  .1 .15  .2 .15  .3 .15  .4 .15  .15 .2  .25 .2  .35 .2];
t = [.9 .8  .8 .9  .7 .9  .6 .8  .7 .7  .8 .7  .9 .6  .8 .5  .7 .5  .6 .6] - 0.2;

obst = [.30 .30 .05 1;
        .35 .30 .05 1;
        .40 .30 .05 1;
        
        .30 .35 .05 1;
        .30 .40 .05 1;
        .30 .45 .05 1;
        
        .30 .80 .05 1;
        .30 .85 .05 1;
        .30 .90 .05 1;
        .30 .95 .05 1;
        .30 1.0 .05 1;
        
        .79 .30 .05 1;
        .79 .35 .05 1;
        .79 .40 .05 1;
        .79 .45 .05 1;
        .79 .50 .05 1;
        .79 .55 .05 1;
        .79 .60 .05 1;
        .79 .65 .05 1;
        .79 .70 .05 1;
        
        1.0 .75 .05 1;
        .95 .75 .05 1;
        .90 .75 .05 1;
        .85 .75 .05 1;
        .80 .75 .05 1;
        .75 .75 .05 1;
        .70 .75 .05 1;
        .65 .75 .05 1;
        .60 .75 .05 1;
        .55 .75 .05 1;
        .50 .75 .05 1];

end

