function [ obst, l, s, t ] = obstacle1( )

r = 0.025;
l = 0.03;
% s = [.9 .9 .95 .9 .85 .9 .9 .95 .9 .85];
% s = [.45 .9];% .5 .9 .4 .9 .45 .85 .45 .95];
s = [.9 .9];
t = [.5 .4];% .45 .4 .55 .4 .5 .35 .5 .45];

obst = [.595 .575 r 1;
        .595 .550 r 1;
        .595 .525 r 1;
        .595 .500 r 1;
        .595 .475 r 1;
        .595 .450 r 1;
        .595 .425 r 1;
        .595 .400 r 1;
        .595 .375 r 1;
        .595 .350 r 1;
        .595 .325 r 1;
        .575 .305 r 1;
        .550 .305 r 1;
        .525 .305 r 1;
        .500 .305 r 1;
        .475 .305 r 1;
        .450 .305 r 1;
        .425 .305 r 1;
        .405 .325 r 1;
        .405 .350 r 1;
        .405 .375 r 1;
        .405 .400 r 1;
        .405 .425 r 1;
        .405 .450 r 1;
        .405 .475 r 1;
%         .405 .500 r 1;
%         .405 .525 r 1;
%         .405 .550 r 1;
        .405 .575 r 1;
        .425 .595 r 1;
        .450 .595 r 1;
        .475 .595 r 1;
        .500 .595 r 1;
        .525 .595 r 1;
        .550 .595 r 1;
        .575 .595 r 1;];

end

