function [ obst, l, s, t ] = random_obst3( )

l = 0.03;
s = [.8 .4 .85 .4];% .8 .45];
t = [.1 .5 .1 .55];% .15 .5];

obst = [
    0.4912    0.0864    0.0273    1.0000
    0.6165    0.0408    0.0680    1.0000
    0.1228    0.7516    0.0149    1.0000
    0.1330    0.3238    0.0167    1.0000
    0.3142    0.0665    0.0424    1.0000
    0.0879    0.9233    0.0067    1.0000
    0.4088    0.0544    0.0193    1.0000
    0.2823    0.0679    0.0508    1.0000
    0.6306    0.5735    0.0089    1.0000
    0.2198    0.4392    0.0486    1.0000
    0.6543    0.0274    0.0712    1.0000
    0.1935    0.0497    0.0393    1.0000
    0.0946    0.2386    0.0251    1.0000
    0.9184    0.1273    0.0610    1.0000
    0.5582    0.6303    0.0764    1.0000
    0.4176    0.4764    0.0517    1.0000
    0.1104    0.1100    0.0388    1.0000
    0.5527    0.4354    0.0351    1.0000
    0.1113    0.9019    0.0149    1.0000
    0.2360    0.5658    0.0355    1.0000
    0.1387    0.7306    0.0390    1.0000
    0.3282    0.9810    0.0689    1.0000
    0.3464    0.5882    0.0573    1.0000
    0.9288    0.5032    0.0496    1.0000
    0.8883    0.5316    0.0072    1.0000
    0.7900    0.6063    0.0089    1.0000
    0.0745    0.7643    0.0460    1.0000
    0.4198    0.6006    0.0369    1.0000
    0.3967    0.7226    0.0436    1.0000
    0.4129    0.4352    0.0030    1.0000
    0.9740    0.6465    0.0463    1.0000
    0.2379    0.1767    0.0503    1.0000
    0.1086    0.8765    0.0386    1.0000
    0.8000    0.2517    0.0128    1.0000
    0.0448    0.3565    0.0604    1.0000
    0.9600    0.3033    0.0635    1.0000
    0.8016    0.9678    0.0233    1.0000
    0.9606    0.1923    0.0406    1.0000
    0.7657    0.0979    0.0190    1.0000
    0.6082    0.6938    0.0154    1.0000
    0.9890    0.0960    0.0647    1.0000
    0.5626    0.1994    0.0053    1.0000
    0.4959    0.6071    0.0157    1.0000
    0.2530    0.7097    0.0780    1.0000
    0.1960    0.8905    0.0460    1.0000
    0.4927    0.6026    0.0467    1.0000
    0.7109    0.8625    0.0760    1.0000
    0.9876    0.6760    0.0080    1.0000
    0.3346    0.7850    0.0703    1.0000
    0.2202    0.5366    0.0713    1.0000
    0.3453    0.0044    0.0171    1.0000
    0.0916    0.1986    0.0134    1.0000
    0.6316    0.4387    0.0517    1.0000
    0.3782    0.5583    0.0144    1.0000
    0.8874    0.3851    0.0093    1.0000
    0.4265    0.6469    0.0292    1.0000
    0.8908    0.5857    0.0322    1.0000
    0.2242    0.7663    0.0072    1.0000
    0.7969    0.1746    0.0547    1.0000
    0.8583    0.5031    0.0438    1.0000
    0.4271    0.3827    0.0789    1.0000
    0.5889    0.9772    0.0170    1.0000
    0.0917    0.9361    0.0735    1.0000
    0.2506    0.8927    0.0532    1.0000
    0.5938    0.4435    0.0595    1.0000
    0.5206    0.7515    0.0303    1.0000
    0.9141    0.9094    0.0380    1.0000
    0.6633    0.3733    0.0085    1.0000
    0.4997    0.1163    0.0707    1.0000
    0.6348    0.5251    0.0356    1.0000
    ];

end

