function [ obst, l, s, t ] = comb_obst1(  )

% s = [.9 .9 .9 .95];
% t = [.5 .4 .5 .45];
% s = [.95 .1];
s = [.9 .9];
t = [.5 .4];
l = 0.03;

obst = [
    0.5950    0.5750    0.0250    1.0000
    0.5950    0.5500    0.0250    1.0000
    0.5950    0.5250    0.0250    1.0000
    0.5950    0.5000    0.0250    1.0000
    0.5950    0.4750    0.0250    1.0000
    0.5950    0.4500    0.0250    1.0000
    0.5950    0.4250    0.0250    1.0000
    0.5950    0.4000    0.0250    1.0000
    0.5950    0.3750    0.0250    1.0000
    0.5950    0.3500    0.0250    1.0000
    0.5950    0.3250    0.0250    1.0000
    0.5750    0.3050    0.0250    1.0000
    0.5500    0.3050    0.0250    1.0000
    0.5250    0.3050    0.0250    1.0000
    0.5000    0.3050    0.0250    1.0000
    0.4750    0.3050    0.0250    1.0000
    0.4500    0.3050    0.0250    1.0000
    0.4250    0.3050    0.0250    1.0000
    0.4050    0.3250    0.0250    1.0000
    0.4050    0.3500    0.0250    1.0000
    0.4050    0.3750    0.0250    1.0000
    0.4050    0.4000    0.0250    1.0000
    0.4050    0.4250    0.0250    1.0000
    0.4050    0.4500    0.0250    1.0000
    0.4050    0.4750    0.0250    1.0000
    0.4050    0.5750    0.0250    1.0000
    0.4250    0.5950    0.0250    1.0000
    0.4500    0.5950    0.0250    1.0000
    0.4750    0.5950    0.0250    1.0000
    0.5000    0.5950    0.0250    1.0000
    0.5250    0.5950    0.0250    1.0000
    0.5500    0.5950    0.0250    1.0000
    0.5750    0.5950    0.0250    1.0000
    0.8540    0.1805    0.0554    1.0000
    0.9013    0.0301    0.0111    1.0000
    0.8378    0.1298    0.0300    1.0000
    0.7523    0.3156    0.0669    1.0000
    0.2591    0.7315    0.0557    1.0000
    0.9471    0.7730    0.0556    1.0000
    0.8471    0.1486    0.0683    1.0000
    0.8424    0.7958    0.0236    1.0000
    0.7772    0.1653    0.0521    1.0000
    0.4738    0.7171    0.0239    1.0000
    0.8512    0.0786    0.0756    1.0000
    0.9292    0.3939    0.0625    1.0000
    0.0242    0.8158    0.0660    1.0000
    0.7291    0.5300    0.0589    1.0000
    0.4663    0.9474    0.0635    1.0000
    0.5912    0.3167    0.0324    1.0000
    0.9845    0.5782    0.0104    1.0000
    0.8470    0.1902    0.0128    1.0000
    0.9767    0.3923    0.0653    1.0000
    0.3449    0.9988    0.0024    1.0000
    0.2774    0.3437    0.0435    1.0000
    0.3164    0.9086    0.0659    1.0000
    0.3365    0.6977    0.0759    1.0000
    0.5481    0.0298    0.0368    1.0000
    0.2852    0.4813    0.0056    1.0000
    0.9159    0.6769    0.0418    1.0000
%     0.6707    0.4025    0.0157    1.0000
    0.7855    0.1541    0.0239    1.0000
    0.1830    0.5612    0.0781    1.0000
    0.1409    0.9493    0.0132    1.0000
    0.0557    0.9593    0.0622    1.0000
    0.6184    0.9899    0.0273    1.0000
    0.5899    0.8360    0.0379    1.0000
    0.3750    0.6541    0.0080    1.0000
    0.0226    0.8692    0.0048    1.0000
    0.1593    0.8638    0.0689    1.0000
    0.5068    0.7619    0.0057    1.0000
    0.7872    0.1653    0.0706    1.0000
    0.7620    0.0795    0.0315    1.0000
    0.9343    0.5089    0.0352    1.0000
    0.7952    0.0930    0.0281    1.0000
    0.4543    0.4379    0.0026    1.0000
    0.3444    0.3120    0.0580    1.0000
    0.1329    0.3792    0.0283    1.0000
    0.5612    0.9956    0.0513    1.0000
    0.2076    0.8695    0.0617    1.0000
    0.1180    0.9479    0.0542    1.0000
    0.7677    0.2543    0.0389    1.0000
    0.4573    0.0485    0.0650    1.0000
    0.7258    0.8318    0.0061    1.0000
    0.1067    0.6887    0.0023    1.0000
    0.4391    0.5960    0.0347    1.0000
    0.5574    0.2147    0.0115    1.0000
    0.8556    0.5352    0.0646    1.0000
    0.9119    0.0558    0.0001    1.0000
    0.3513    0.4310    0.0077    1.0000
    0.3724    0.1907    0.0337    1.0000
    0.1022    0.3278    0.0188    1.0000
    0.6576    0.9377    0.0765    1.0000
    0.2188    0.8474    0.0297    1.0000
    0.8664    0.2570    0.0393    1.0000
    0.3934    0.3772    0.0214    1.0000
    0.4539    0.7335    0.0461    1.0000
    0.1818    0.7822    0.0416    1.0000
    0.0674    0.0116    0.0783    1.0000
    0.7846    0.2217    0.0529    1.0000
    0.8019    0.0671    0.0677    1.0000
    0.4634    0.7057    0.0070    1.0000
    0.8524    0.8759    0.0338    1.0000
%     0.6256    0.2775    0.0033    1.0000
    ];

end

